Prozess gestartet
Zufällige Koordinaten werden generiert und überprüft...
Integral nach Monte-Carlo wird bestimmt...

|Durchlauf      |Akt. Wert d. Integral    |
|500            |0.405190815853229        |
|1000           |0.4032393741241772       |
|1500           |0.4014788215540998       |
|2000           |0.40081849692149984      |
|2500           |0.40101140984897155      |
|3000           |0.40082312462997205      |
|3500           |0.4013868089667908       |
|4000           |0.4015110133847293       |
|4500           |0.4012246342999999       |
|5000           |0.40094014151516305      |
|5500           |0.40106351640407883      |
|6000           |0.40093328994684363      |
|6500           |0.40081883746846086      |
|7000           |0.4007072365366455       |
|7500           |0.40063286589776825      |
|8000           |0.40048915822859577      |
|8500           |0.4006146031136148       |
|9000           |0.40068460472311634      |
|9500           |0.40083195023975476      |
|10000          |0.4008114664496002       |
|10500          |0.4008312669027895       |
|11000          |0.4006232380408621       |
|11500          |0.40069892141714064      |
|12000          |0.4005531440736927       |
|12500          |0.40045992117659635      |
|13000          |0.4003650971330378       |
|13500          |0.4004221805708955       |
|14000          |0.40054091625576443      |
|14500          |0.4007170660852431       |
|15000          |0.4006558483150002       |
|15500          |0.4005634912018636       |
|16000          |0.40064266577291824      |
|16500          |0.4006042669287203       |
|17000          |0.4006896876782913       |
|17500          |0.40069852951427704      |
|18000          |0.40072835616843955      |
|18500          |0.4007784640988752       |
|19000          |0.40074801827792383      |
|19500          |0.400716515464598        |
|20000          |0.4007906547946451       |
|20500          |0.400834705982112        |
|21000          |0.4008401698567703       |
|21500          |0.4007967904068483       |
|22000          |0.40079471671413497      |
|22500          |0.40080721806113473      |
|23000          |0.4007653488907449       |
|23500          |0.40082197478736825      |
|24000          |0.4008193455909359       |
|24500          |0.4007810711787152       |
|25000          |0.40074567640148406      |
|25500          |0.4007592003814033       |
|26000          |0.40074633913094615      |
|26500          |0.40070343279561593      |
|27000          |0.40068754985943816      |
|27500          |0.40079675030357487      |
|28000          |0.4007979400339185       |
|28500          |0.4007902309184401       |
|29000          |0.4007526919598132       |
|29500          |0.40071720222041163      |
|30000          |0.40072771880291513      |
|30500          |0.4007411212675946       |
|31000          |0.4006712658408804       |
|31500          |0.40062060685019185      |
|32000          |0.40066865474330915      |
|32500          |0.4006472073021452       |
|33000          |0.40065611552500663      |
|33500          |0.4005893642242954       |
|34000          |0.40057700303334687      |
|34500          |0.40060655387238747      |
|35000          |0.40053760160210944      |
|35500          |0.4005402664182579       |
|36000          |0.40051049344210043      |
|36500          |0.4004393990561282       |
|37000          |0.4004226989271835       |
|37500          |0.400468385326802        |
|38000          |0.40049922435076357      |
|38500          |0.40044909092476805      |
|39000          |0.40044202195445827      |
|39500          |0.4004768912611714       |
|40000          |0.4004093432367012       |
|40500          |0.40041819364664294      |
|41000          |0.40051707947797677      |
|41500          |0.4004827700989304       |
|42000          |0.4004662953758401       |
|42500          |0.40049590536231405      |
|43000          |0.40047025266531094      |
|43500          |0.40047391421542633      |
|44000          |0.4005196378654344       |
|44500          |0.4005142939417418       |
|45000          |0.4004859914912016       |
|45500          |0.40050463400648534      |
|46000          |0.4005057701504198       |
|46500          |0.40052001005121646      |
|47000          |0.40051027233878156      |
|47500          |0.4004866414032697       |
|48000          |0.40050217236083835      |
|48500          |0.4005523937045972       |
|49000          |0.40053885499829694      |
|49500          |0.4005250617247253       |
|50000          |0.4005019017882171       |
|50500          |0.400495616740385        |
|51000          |0.40047270790589035      |
|51500          |0.4004995524568472       |
|52000          |0.4004654554517248       |
|52500          |0.4004690849461565       |
|53000          |0.4004623871794101       |
|53500          |0.4004387415980777       |
|54000          |0.40044174098839674      |
|54500          |0.400432184834146        |
|55000          |0.4004433399313778       |
|55500          |0.4004300220717586       |
|56000          |0.40046513710707715      |
|56500          |0.4004232233846659       |
|57000          |0.40043231619728253      |
|57500          |0.40040595341827034      |
|58000          |0.4004089376962769       |
|58500          |0.4004031329107962       |
|59000          |0.4003668713258377       |
|59500          |0.40037957216240533      |
|60000          |0.4004134093074295       |
|60500          |0.4003983484273812       |
|61000          |0.40039447457360317      |
|61500          |0.400393935541491        |
|62000          |0.4004112842177195       |
|62500          |0.4004093440990219       |
|63000          |0.4004353191198143       |
|63500          |0.40044003529671296      |
|64000          |0.4004156407628311       |
|64500          |0.40041324564702807      |
|65000          |0.4003948875357081       |
|65500          |0.40039598325634707      |
|66000          |0.4003822235766276       |
|66500          |0.4003776185742773       |
|67000          |0.4004156223860982       |
|67500          |0.4004054365220527       |
|68000          |0.4004120803976806       |
|68500          |0.40039974930214545      |
|69000          |0.4004084293148869       |
|69500          |0.4004048421991739       |
|70000          |0.40037593603478         |
|70500          |0.40037844175366144      |
|71000          |0.4003733800934413       |
|71500          |0.40037167088297054      |
|72000          |0.40038473905489796      |
|72500          |0.40041028459377337      |
|73000          |0.40039228511839675      |
|73500          |0.4004022542668411       |
|74000          |0.4004166192767007       |
|74500          |0.400429047816212        |
|75000          |0.4004415980411883       |
|75500          |0.4004592759341617       |
|76000          |0.40047333688704817      |
|76500          |0.40047956831386755      |
|77000          |0.40048888519486664      |
|77500          |0.40046040588413134      |
|78000          |0.4004714643925326       |
|78500          |0.40046800212860656      |
|79000          |0.40049157373519817      |
|79500          |0.40048152810902393      |
|80000          |0.40046264783150687      |
|80500          |0.4004509752676623       |
|81000          |0.40046365625258507      |
|81500          |0.4004743443759087       |
|82000          |0.4004663463689861       |
|82500          |0.40050543520113563      |
|83000          |0.4004988067921164       |
|83500          |0.40048178859286515      |
|84000          |0.4004524092176182       |
|84500          |0.40045241304932777      |
|85000          |0.40044385708739405      |
|85500          |0.4004400219568312       |
|86000          |0.40044575565023743      |
|86500          |0.4004590604424504       |
|87000          |0.40045382266854695      |
|87500          |0.40045693507869995      |
|88000          |0.4004529396068621       |
|88500          |0.40044526020873855      |
|89000          |0.4004426349243967       |
|89500          |0.40042885140047396      |
|90000          |0.40042033578057623      |
|90500          |0.40043823050959304      |
|91000          |0.4004474070808029       |
|91500          |0.4004278033098249       |
|92000          |0.4004219162224381       |
|92500          |0.40041080584904537      |
|93000          |0.4004097696942715       |
|93500          |0.4004151364615934       |
|94000          |0.40042151372619667      |
|94500          |0.40041731147163545      |
|95000          |0.40042232576197534      |
|95500          |0.40039296998867874      |
|96000          |0.40040318872324715      |
|96500          |0.40038971764524145      |
|97000          |0.40038221873903607      |
|97500          |0.4003893423391214       |
|98000          |0.40037348147745516      |
|98500          |0.4003885004098183       |
|99000          |0.40035387951190116      |
|99500          |0.4003562548009597       |
|100000         |0.4003789129278145       |

Endergebnis: 0.4003789129278145
Ergebnis laut CAS: 0.4005761913304
Generierte Koordinaten: 127287
Koordinaten außerhalb des Bereiches Omega: 27287
Effizienz des Algorithmus anhand der Zufallszahlen: 78,562618%
Fenster wird generiert...

Prozess beendet